

zhuansu = 10000
daikuan = 1000
xiangyi = 90 - atan2(1/(3.1415927 * 2 * (zhuansu / 60)), (1/(0.159155/(1/daikuan)))/(3.14*2))*180/3.1415927